OMPCLUSTER_HEFT_RANKS
OMPCLUSTER_NUM_EXEC_EVENT_HANDLERS_P_x
1,1,1,1,1,1,1,1,1,1,1,1,1,1,1,1,1,1,1,1,1,1,1,1
OMPCLUSTER_HEFT_COMM_P_x_P_y
0,0.05,0.05,0.05,0.05,0.05,0.05,0.05,0.05,0.05,0.05,0.05,0.05,0.05,0.05,0.05,0.05,0.05,0.05,0.05,0.05,0.05,0.05,0.05
0.05,0,0.002,0.002,0.002,0.002,0.002,0.002,0.002,0.05,0.05,0.05,0.05,0.05,0.05,0.05,0.05,0.05,0.05,0.05,0.05,0.05,0.05,0.05
0.05,0.002,0,0.002,0.002,0.002,0.002,0.002,0.002,0.05,0.05,0.05,0.05,0.05,0.05,0.05,0.05,0.05,0.05,0.05,0.05,0.05,0.05,0.05
0.05,0.002,0.002,0,0.002,0.002,0.002,0.002,0.002,0.05,0.05,0.05,0.05,0.05,0.05,0.05,0.05,0.05,0.05,0.05,0.05,0.05,0.05,0.05
0.05,0.002,0.002,0.002,0,0.002,0.002,0.002,0.002,0.05,0.05,0.05,0.05,0.05,0.05,0.05,0.05,0.05,0.05,0.05,0.05,0.05,0.05,0.05
0.05,0.002,0.002,0.002,0.002,0,0.002,0.002,0.002,0.05,0.05,0.05,0.05,0.05,0.05,0.05,0.05,0.05,0.05,0.05,0.05,0.05,0.05,0.05
0.05,0.002,0.002,0.002,0.002,0.002,0,0.002,0.002,0.05,0.05,0.05,0.05,0.05,0.05,0.05,0.05,0.05,0.05,0.05,0.05,0.05,0.05,0.05
0.05,0.002,0.002,0.002,0.002,0.002,0.002,0,0.002,0.05,0.05,0.05,0.05,0.05,0.05,0.05,0.05,0.05,0.05,0.05,0.05,0.05,0.05,0.05
0.05,0.002,0.002,0.002,0.002,0.002,0.002,0.002,0,0.05,0.05,0.05,0.05,0.05,0.05,0.05,0.05,0.05,0.05,0.05,0.05,0.05,0.05,0.05
0.05,0.05,0.05,0.05,0.05,0.05,0.05,0.05,0.05,0,0.002,0.002,0.002,0.002,0.002,0.05,0.05,0.05,0.05,0.05,0.05,0.05,0.05,0.05
0.05,0.05,0.05,0.05,0.05,0.05,0.05,0.05,0.05,0.002,0,0.002,0.002,0.002,0.002,0.05,0.05,0.05,0.05,0.05,0.05,0.05,0.05,0.05
0.05,0.05,0.05,0.05,0.05,0.05,0.05,0.05,0.05,0.002,0.002,0,0.002,0.002,0.002,0.05,0.05,0.05,0.05,0.05,0.05,0.05,0.05,0.05
0.05,0.05,0.05,0.05,0.05,0.05,0.05,0.05,0.05,0.002,0.002,0.002,0,0.002,0.002,0.05,0.05,0.05,0.05,0.05,0.05,0.05,0.05,0.05
0.05,0.05,0.05,0.05,0.05,0.05,0.05,0.05,0.05,0.002,0.002,0.002,0.002,0,0.002,0.05,0.05,0.05,0.05,0.05,0.05,0.05,0.05,0.05
0.05,0.05,0.05,0.05,0.05,0.05,0.05,0.05,0.05,0.002,0.002,0.002,0.002,0.002,0,0.05,0.05,0.05,0.05,0.05,0.05,0.05,0.05,0.05
0.05,0.05,0.05,0.05,0.05,0.05,0.05,0.05,0.05,0.05,0.05,0.05,0.05,0.05,0.05,0,0.002,0.002,0.05,0.05,0.05,0.05,0.05,0.05
0.05,0.05,0.05,0.05,0.05,0.05,0.05,0.05,0.05,0.05,0.05,0.05,0.05,0.05,0.05,0.002,0,0.002,0.05,0.05,0.05,0.05,0.05,0.05
0.05,0.05,0.05,0.05,0.05,0.05,0.05,0.05,0.05,0.05,0.05,0.05,0.05,0.05,0.05,0.002,0.002,0,0.05,0.05,0.05,0.05,0.05,0.05
0.05,0.05,0.05,0.05,0.05,0.05,0.05,0.05,0.05,0.05,0.05,0.05,0.05,0.05,0.05,0.05,0.05,0.05,0,0.002,0.002,0.002,0.002,0.002
0.05,0.05,0.05,0.05,0.05,0.05,0.05,0.05,0.05,0.05,0.05,0.05,0.05,0.05,0.05,0.05,0.05,0.05,0.002,0,0.002,0.002,0.002,0.002
0.05,0.05,0.05,0.05,0.05,0.05,0.05,0.05,0.05,0.05,0.05,0.05,0.05,0.05,0.05,0.05,0.05,0.05,0.002,0.002,0,0.002,0.002,0.002
0.05,0.05,0.05,0.05,0.05,0.05,0.05,0.05,0.05,0.05,0.05,0.05,0.05,0.05,0.05,0.05,0.05,0.05,0.002,0.002,0.002,0,0.002,0.002
0.05,0.05,0.05,0.05,0.05,0.05,0.05,0.05,0.05,0.05,0.05,0.05,0.05,0.05,0.05,0.05,0.05,0.05,0.002,0.002,0.002,0.002,0,0.002
0.05,0.05,0.05,0.05,0.05,0.05,0.05,0.05,0.05,0.05,0.05,0.05,0.05,0.05,0.05,0.05,0.05,0.05,0.002,0.002,0.002,0.002,0.002,0