OMPCLUSTER_HEFT_TASKS_GRAPH_1
OMPCLUSTER_HEFT_COMP_G_x_P_y_T_z
0.67,0.78,0.73,0.81,0.72,0.69,0.78,0.79
0.67,0.78,0.73,0.81,0.72,0.69,0.78,0.79
0.67,0.78,0.73,0.81,0.72,0.69,0.78,0.79
0.67,0.78,0.73,0.81,0.72,0.69,0.78,0.79
0.67,0.78,0.73,0.81,0.72,0.69,0.78,0.79
0.67,0.78,0.73,0.81,0.72,0.69,0.78,0.79
0.67,0.78,0.73,0.81,0.72,0.69,0.78,0.79
0.67,0.78,0.73,0.81,0.72,0.69,0.78,0.79
0.67,0.78,0.73,0.81,0.72,0.69,0.78,0.79
0.67,0.78,0.73,0.81,0.72,0.69,0.78,0.79
0.67,0.78,0.73,0.81,0.72,0.69,0.78,0.79
0.45,0.35,0.34,0.49,0.47,0.42,0.48,0.42
0.45,0.35,0.34,0.49,0.47,0.42,0.48,0.42
0.45,0.35,0.34,0.49,0.47,0.42,0.48,0.42
0.45,0.35,0.34,0.49,0.47,0.42,0.48,0.42
0.67,0.78,0.73,0.81,0.72,0.69,0.78,0.79
0.45,0.35,0.34,0.49,0.47,0.42,0.48,0.42
0.29,0.3,0.34,0.28,0.31,0.3,0.29,0.29
0.45,0.35,0.34,0.49,0.47,0.42,0.48,0.42
0.45,0.35,0.34,0.49,0.47,0.42,0.48,0.42
0.29,0.3,0.34,0.28,0.31,0.3,0.29,0.29
0.29,0.3,0.34,0.28,0.31,0.3,0.29,0.29
0.29,0.3,0.34,0.28,0.31,0.3,0.29,0.29
0.29,0.3,0.34,0.28,0.31,0.3,0.29,0.29
