OMPCLUSTER_HEFT_TASKS_GRAPH_2
OMPCLUSTER_HEFT_COMP_G_x_P_y_T_z
0.669217238,0.780585104,0.734704971,0.806468701,0.716104481,0.6945863170000001,0.783646478,0.7939279570000001
0.669217238,0.780585104,0.734704971,0.806468701,0.716104481,0.6945863170000001,0.783646478,0.7939279570000001
0.669217238,0.780585104,0.734704971,0.806468701,0.716104481,0.6945863170000001,0.783646478,0.7939279570000001
0.669217238,0.780585104,0.734704971,0.806468701,0.716104481,0.6945863170000001,0.783646478,0.7939279570000001
0.669217238,0.780585104,0.734704971,0.806468701,0.716104481,0.6945863170000001,0.783646478,0.7939279570000001
0.669217238,0.780585104,0.734704971,0.806468701,0.716104481,0.6945863170000001,0.783646478,0.7939279570000001
0.669217238,0.780585104,0.734704971,0.806468701,0.716104481,0.6945863170000001,0.783646478,0.7939279570000001
0.669217238,0.780585104,0.734704971,0.806468701,0.716104481,0.6945863170000001,0.783646478,0.7939279570000001
0.669217238,0.780585104,0.734704971,0.806468701,0.716104481,0.6945863170000001,0.783646478,0.7939279570000001
0.669217238,0.780585104,0.734704971,0.806468701,0.716104481,0.6945863170000001,0.783646478,0.7939279570000001
0.669217238,0.780585104,0.734704971,0.806468701,0.716104481,0.6945863170000001,0.783646478,0.7939279570000001
0.669217238,0.780585104,0.734704971,0.806468701,0.716104481,0.6945863170000001,0.783646478,0.7939279570000001
0.669217238,0.780585104,0.734704971,0.806468701,0.716104481,0.6945863170000001,0.783646478,0.7939279570000001
0.669217238,0.780585104,0.734704971,0.806468701,0.716104481,0.6945863170000001,0.783646478,0.7939279570000001
0.669217238,0.780585104,0.734704971,0.806468701,0.716104481,0.6945863170000001,0.783646478,0.7939279570000001
0.669217238,0.780585104,0.734704971,0.806468701,0.716104481,0.6945863170000001,0.783646478,0.7939279570000001
0.669217238,0.780585104,0.734704971,0.806468701,0.716104481,0.6945863170000001,0.783646478,0.7939279570000001
0.669217238,0.780585104,0.734704971,0.806468701,0.716104481,0.6945863170000001,0.783646478,0.7939279570000001
0.669217238,0.780585104,0.734704971,0.806468701,0.716104481,0.6945863170000001,0.783646478,0.7939279570000001
0.669217238,0.780585104,0.734704971,0.806468701,0.716104481,0.6945863170000001,0.783646478,0.7939279570000001
0.669217238,0.780585104,0.734704971,0.806468701,0.716104481,0.6945863170000001,0.783646478,0.7939279570000001
0.669217238,0.780585104,0.734704971,0.806468701,0.716104481,0.6945863170000001,0.783646478,0.7939279570000001
0.669217238,0.780585104,0.734704971,0.806468701,0.716104481,0.6945863170000001,0.783646478,0.7939279570000001
0.669217238,0.780585104,0.734704971,0.806468701,0.716104481,0.6945863170000001,0.783646478,0.7939279570000001
