OMPCLUSTER_MOHEFT_ENER_CONS
OMPCLUSTER_MOHEFT_IDLE_CONS_P_x
0,0,0,0,0,0,0,0,0,0,0,0,0,0,0,0,0,0,0,0,0,0,0,0
OMPCLUSTER_MOHEFT_EXEC_CONS_P_x
5.37763565156898,6.27255552606384,5.90387608251441,6.48054860531271,5.75440793901651,5.58149421338007,6.297155839729379,6.37977482334447
5.37763565156898,6.27255552606384,5.90387608251441,6.48054860531271,5.75440793901651,5.58149421338007,6.297155839729379,6.37977482334447
5.37763565156898,6.27255552606384,5.90387608251441,6.48054860531271,5.75440793901651,5.58149421338007,6.297155839729379,6.37977482334447
5.37763565156898,6.27255552606384,5.90387608251441,6.48054860531271,5.75440793901651,5.58149421338007,6.297155839729379,6.37977482334447
5.37763565156898,6.27255552606384,5.90387608251441,6.48054860531271,5.75440793901651,5.58149421338007,6.297155839729379,6.37977482334447
5.37763565156898,6.27255552606384,5.90387608251441,6.48054860531271,5.75440793901651,5.58149421338007,6.297155839729379,6.37977482334447
5.37763565156898,6.27255552606384,5.90387608251441,6.48054860531271,5.75440793901651,5.58149421338007,6.297155839729379,6.37977482334447
5.37763565156898,6.27255552606384,5.90387608251441,6.48054860531271,5.75440793901651,5.58149421338007,6.297155839729379,6.37977482334447
5.37763565156898,6.27255552606384,5.90387608251441,6.48054860531271,5.75440793901651,5.58149421338007,6.297155839729379,6.37977482334447
5.37763565156898,6.27255552606384,5.90387608251441,6.48054860531271,5.75440793901651,5.58149421338007,6.297155839729379,6.37977482334447
5.37763565156898,6.27255552606384,5.90387608251441,6.48054860531271,5.75440793901651,5.58149421338007,6.297155839729379,6.37977482334447
7.192565385767661,5.63770205648617,5.49256632394236,7.9363552643823105,7.5633859580152,6.77409061285562,7.68292419364082,6.74794824624614
7.192565385767661,5.63770205648617,5.49256632394236,7.9363552643823105,7.5633859580152,6.77409061285562,7.68292419364082,6.74794824624614
7.192565385767661,5.63770205648617,5.49256632394236,7.9363552643823105,7.5633859580152,6.77409061285562,7.68292419364082,6.74794824624614
7.192565385767661,5.63770205648617,5.49256632394236,7.9363552643823105,7.5633859580152,6.77409061285562,7.68292419364082,6.74794824624614
5.37763565156898,6.27255552606384,5.90387608251441,6.48054860531271,5.75440793901651,5.58149421338007,6.297155839729379,6.37977482334447
7.192565385767661,5.63770205648617,5.49256632394236,7.9363552643823105,7.5633859580152,6.77409061285562,7.68292419364082,6.74794824624614
9.37532770479096,9.491429065111081,10.957303038268119,8.99895242847824,9.88758287175332,9.632729270528241,9.38259633043706,9.164821414650719
7.192565385767661,5.63770205648617,5.49256632394236,7.9363552643823105,7.5633859580152,6.77409061285562,7.68292419364082,6.74794824624614
7.192565385767661,5.63770205648617,5.49256632394236,7.9363552643823105,7.5633859580152,6.77409061285562,7.68292419364082,6.74794824624614
9.37532770479096,9.491429065111081,10.957303038268119,8.99895242847824,9.88758287175332,9.632729270528241,9.38259633043706,9.164821414650719
9.37532770479096,9.491429065111081,10.957303038268119,8.99895242847824,9.88758287175332,9.632729270528241,9.38259633043706,9.164821414650719
9.37532770479096,9.491429065111081,10.957303038268119,8.99895242847824,9.88758287175332,9.632729270528241,9.38259633043706,9.164821414650719
9.37532770479096,9.491429065111081,10.957303038268119,8.99895242847824,9.88758287175332,9.632729270528241,9.38259633043706,9.164821414650719
OMPCLUSTER_MOHEFT_CONS_P_x_P_y
0,0,0,0,0,0,0,0,0,0,0,0,0,0,0,0,0,0,0,0,0,0,0,0
0,0,0,0,0,0,0,0,0,0,0,0,0,0,0,0,0,0,0,0,0,0,0,0
0,0,0,0,0,0,0,0,0,0,0,0,0,0,0,0,0,0,0,0,0,0,0,0
0,0,0,0,0,0,0,0,0,0,0,0,0,0,0,0,0,0,0,0,0,0,0,0
0,0,0,0,0,0,0,0,0,0,0,0,0,0,0,0,0,0,0,0,0,0,0,0
0,0,0,0,0,0,0,0,0,0,0,0,0,0,0,0,0,0,0,0,0,0,0,0
0,0,0,0,0,0,0,0,0,0,0,0,0,0,0,0,0,0,0,0,0,0,0,0
0,0,0,0,0,0,0,0,0,0,0,0,0,0,0,0,0,0,0,0,0,0,0,0
0,0,0,0,0,0,0,0,0,0,0,0,0,0,0,0,0,0,0,0,0,0,0,0
0,0,0,0,0,0,0,0,0,0,0,0,0,0,0,0,0,0,0,0,0,0,0,0
0,0,0,0,0,0,0,0,0,0,0,0,0,0,0,0,0,0,0,0,0,0,0,0
0,0,0,0,0,0,0,0,0,0,0,0,0,0,0,0,0,0,0,0,0,0,0,0
0,0,0,0,0,0,0,0,0,0,0,0,0,0,0,0,0,0,0,0,0,0,0,0
0,0,0,0,0,0,0,0,0,0,0,0,0,0,0,0,0,0,0,0,0,0,0,0
0,0,0,0,0,0,0,0,0,0,0,0,0,0,0,0,0,0,0,0,0,0,0,0
0,0,0,0,0,0,0,0,0,0,0,0,0,0,0,0,0,0,0,0,0,0,0,0
0,0,0,0,0,0,0,0,0,0,0,0,0,0,0,0,0,0,0,0,0,0,0,0
0,0,0,0,0,0,0,0,0,0,0,0,0,0,0,0,0,0,0,0,0,0,0,0
0,0,0,0,0,0,0,0,0,0,0,0,0,0,0,0,0,0,0,0,0,0,0,0
0,0,0,0,0,0,0,0,0,0,0,0,0,0,0,0,0,0,0,0,0,0,0,0
0,0,0,0,0,0,0,0,0,0,0,0,0,0,0,0,0,0,0,0,0,0,0,0
0,0,0,0,0,0,0,0,0,0,0,0,0,0,0,0,0,0,0,0,0,0,0,0
0,0,0,0,0,0,0,0,0,0,0,0,0,0,0,0,0,0,0,0,0,0,0,0
0,0,0,0,0,0,0,0,0,0,0,0,0,0,0,0,0,0,0,0,0,0,0,0
